image: simple_etu.pgm
resolution: 0.1000
origin: [-53.800000, -1.000000, 0.000000]
negate: 0
occupied_thresh: 0.65
free_thresh: 0.196
